proj:       3
zone:       0
north:      23:10:13.209437S
south:      25:46:23.212772S
east:       48:11:20.886971W
west:       52:24:48.466416W
cols:       15675
rows:       9658
e-w resol:  0:00:00.970181
n-s resol:  0:00:00.970181
format:     0
compressed: 2
