proj:       3
zone:       0
north:      22:56:45.049075S
south:      25:59:34.880066S
east:       47:56:28.320905W
west:       52:34:11.17111W
cols:       17175
rows:       11307
e-w resol:  0:00:00.970181
n-s resol:  0:00:00.970181
format:     0
compressed: 2
