proj:       3
zone:       0
north:      22:56:45.049075S
south:      25:59:34.880066S
east:       47:56:28.320905W
west:       52:34:11.17111W
cols:       17175
rows:       11307
e-w resol:  0:00:00.970181
n-s resol:  0:00:00.970181
top:        1.000000000000000
bottom:     0.000000000000000
cols3:      17175
rows3:      11307
depths:     1
e-w resol3: 0:00:00.970181
n-s resol3: 0:00:00.970181
t-b resol:  1
