proj:       3
zone:       0
north:      23:10:13.209437S
south:      25:46:23.212772S
east:       48:11:20.886971W
west:       52:24:48.466416W
cols:       15675
rows:       9658
e-w resol:  0:00:00.970181
n-s resol:  0:00:00.970181
top:        1.000000000000000
bottom:     0.000000000000000
cols3:      15675
rows3:      9658
depths:     1
e-w resol3: 0:00:00.970181
n-s resol3: 0:00:00.970181
t-b resol:  1
